00007821
00007822
00007823
00007826
00007827
00007828
00007829
00299779
00299801
00299847
00299793
00299842
00299933
00300486
00300670
00302650
00302673
00302636
00302662
00302672
00310294
00319309
00442218
00442041
00442043
00442045
00495409
00496851
00520467
00520397
00557606
00629827
00629834
00630433
00088659
00088660
00088662
00088666
00088667
00088669
00088670
00088675
00214297
00432118
00433338
00511649
00622380
00039061
00089596
00089597
00089598
00089600
00089601
00089602
00089604
00089606
00089608
00089616
00089623
00089624
00242920
00242926
00242927
00242929
00242930
00242937
00242939
00572438
00572454
00572471
00572455
00572456
00572457
00572458
00572459
00572460
00572462
00572466
00572468
00572469
00572533
00572991
00572992
00572993
00573001
00573002
00573004
00573006
00573007
00573008
00573012
00573014
00685409
00685440
00685560
00685578
00007569
00007570
00007571
00007572
00007573
00007574
00007575
00051456
00051460
00215921
00215922
00215924
00215926
00215936
00215937
00215939
00215940
00215941
00215942
00215955
00215956
00215957
00215959
00215961
00433973
00433975
00433981
00433984
00433985
00433987
00433988
00433989
00433990
00433997
00449755
00684490
00448843
00448845
00448847
00448850
00448852
00448853
00448856
00448857
00448858
00448859
00448880
00448860
00448862
00448863
00448867
00448868
00448882
00448884
00448891
00448894
00448899
00011673
00011674
00011675
00011677
00011678
00011691
00011692
00011693
00011694
00011695
00011696
00021880
00021881
00021882
00021904
00021905
00021906
00021889
00021890
00021911
00021912
00021894
00021922
00021929
00021930
00021910
00021935
00021936
00021937
00021941
00021966
00021947
00021952
00021974
00021953
00051062
00035092
00035093
00035094
00035096
00035097
00095099
00035113
00035115
00035116
00035119
00035120
00035121
00035122
00035547
00035548
00035549
00035553
00035552
00035556