00980002
00980012
00980014
00980127
00980128
00980129
00980130
00980138
00980139
00980144
00980148
00980149
00980175
00980205
00980214
00980219
00980227
00980231
00980234
00980236
00980241
00980253
00980255
00980256
00980268
00980269
00980275
00980279
00980283
00980284
00980285
00980286
00980294
00980295
00980306
00980318
00980320
00980322
00980336
00980364
00980374
00980376
00980385
00980392
00980394
00980401
00980415
00980433
00980439
00980441
00980452
00980459
00980467
00980469
00980480
00980482
00980486
00980495
00980496
00980501
00980506
00980507
00980516
00980517
00980518
00980519
00980520
00980521
00980522
00980528
00980536
00980537
00980540
00980544
00980551
00980553
00980554
00980555
00980556
00980560
00980581
00980698
00980705
00980710
00980713
00980715
00980725
00980729
00980736
00980738
00980741
00980745
00980746
00980747
00980752
00980762
00980771
00980773
00980774
00980775
00980776
00980796
00980797
00980798
00980799
00980801
00980802
00980803
00980810
00980818
00980842
00980846
00980848
00980863
00980881
00980887
00980892
00980893
00980894
00980900
00980912
00980914
00980923
00980929
00980931
00980986
00980993
00980997
00980998
00981004
00981018
00981020
00981030
00981040
00981043
00981047
00981056
00981059
00981073
00981078
00981085
00981089
00981096
00981098
00981100
00981109
00981117
00981127
00981133
00981135
00981138
00981144
00981201
00981204
00981214
00981259
00981262
00981269
00981270
00981344
00981345
00981347
00981348
00981352
00981353
00981361
00981370
00981384
00981395
00981396
00981404
00981410
00981429
00981430
00981442
00981467
00981479
00981482
00981483
00981486
00981487
00981489
00981495
00981496
00981499
00981502
00981505
00981506
00981515
00981525
00981527
00981529
00981536
00981538
00981539
00981540
00981550
00981576
00981588
00981601
00981606
00981607
00981608
00981612
00981614
00981615
00981616
00981617
00981622
00981625
00981627
00981629
00981633
00981654
00981655
00981681
00981682
00981683
00981706
00981713
00981734
00981747
00981792
00981796
00981797
00981812
00981830
00981839
00981840
00981877
00981891
00981895
00981896
00981898
00981900
00981904
00981909
00981916
00981918
00981923
00981933
00981940
00981956
00981966
00981971
00981975
00981978
00981979
00981980
00981983
00981984
00981985
00981987
00981988
00981990
00981991
00981994
00982004
00982005
00982009
00982022
00982029
00982047
00982062
00982064
00982120
00982121
00982122
00982123
00982212
00982217
00982245
00982271
00982273
00982277
00982281
00982285
00982296
00982314
00982336
00982338
00982339
00982340
00982341
00982343
00982347
00982353
00982363
00982364
00982366
00982368
00982373
00982374
00982381
00982382
00982391
00982410
00982411
00982435
00982438
00982519
00982525
00982544
00982550
00982555
00982574
00982578
00982597
00982663
00982669
00982673
00982675
00982683
00982687
00982692
00982695
00982696
00982709
00982723
00982733
00982734
00982740
00982752
00982755
00982808
00982818
00982845
00982846
00982855
00982857
00982878
00982888
00982889
00982897
00982898
00982902
00982903
00982904
00982907
00982908
00982909
00982910
00982911
00982919
00982925
00982937
00982946
00982954
00982958
00982959
00982961
00982982
00983006
00983012
00983018
00983024
00983028
00983054
00983059
00983065
00983075
00983076
00983077
00983078
00983081
00983085
00983090
00983091
00983096
00983121
00983132
00983140
00983153
00983156
00983184
00983186
00983187
00983200
00983201
00983203
00983204
00983232
00983236
00983237
00983239
00983264
00983277
00983287
00983290
00983293
00983295
00983392
00983396
00983415
00983436
00983439
00983444
00983450
00983452
00983454
00983455
00983459
00983463
00983466
00983469
00983471
00983492
00983501
00983516
00983519
00983530
00983536
00983537
00983557
00983563
00983572
00983585
00983592
00983599
00983621
00983622
00983652
00983670
00983672
00983682
00983710
00983748
00983750
00983751
00983752
00983753
00983755
00983768
00983774
00983778
00983784
00983785
00983787
00983798
00983802
00983844
00983850
00983854
00983860
00983863
00983866
00983871
00983874
00983878
00983879
00983885
00983886
00983887
00983890
00983892
00983903
00983907
00983913
00983914
00983920
00983933
00983934
00983935
00983936
00983937
00983941
00983943
00983945
00983954
00983960
00983966
00983972
00983979
00983983
00983985
00983991
00983998
00984003
00984008
00984010
00984012
00984017
00984019
00984021
00984022
00984023
00984025
00984038
00984043
00984051
00984069
00984189
00984190
00984195
00984209
00984214
00984223
00984227
00984228
00984229
00984230
00984231
00984232
00984233
00984235
00984236
00984238
00984239
00984243
00984257
00984264
00984270
00984281
00984300
00984301
00984302
00984310
00984311
00984317
00984328
00984329
00984330
00984346
00984350
00984351
00984354
00984357
00984369
00984375
00984380
00984395
00984403
00984407
00984425
00984428
00984437
00984454
00984455
00984460
00984462
00984465
00984473
00984476
00984485
00984488
00984493
00984498
00984501
00984504
00984505
00984506
00984513
00984524
00984525
00984526
00984535
00984536
00984572
00984574
00984575
00984576
00984577
00984578
00984591
00984601
00984603
00984607
00984628
00984629
00984634
00984636
00984637
00984653
00984654
00984655
00984656
00984657
00984658
00984662
00984678
00984679
00984696
00984701
00984709
00984723
00984780
00984781
00984789
00984791
00984798
00984817
00984820
00984822
00984834
00984846
00984869
00984870
00984879
00984880
00984883
00984886
00984894
00984904
00984910
00984926
00984929
00984989
00984990
00984991
00984993
00984994
00985006
00985011
00985019
00985029
00985056
00985062
00985069
00985072
00985075
00985076
00985082
00985090
00985091
00985092
00985100
00985110
00985112
00985115
00985116
00985118
00985133
00985143
00985144
00985148
00985149
00985154
00985162
00985169
00985178
00985198
00985199
00985232
00985234
00985250
00985262
00985264
00985288
00985298
00985316
00985327
00985331
00985333
00985334
00985339
00985342
00985344
00985347
00985357
00985369
00985389
00985393
00985405
00985421
00985431
00985450
00985461
00985462
00985468
00985471
00985485
00985494
00985497
00985512
00985516
00985519
00985522
00985533
00985544
00985546
00985547
00985552
00985569
00985601
00985602
00985611
00985612
00985618
00985619
00985630
00985631
00985638
00985639
00985642
00985677
00985679
00985681
00985689
00985701
00985714
00985715
00985716
00985729
00985731
00985736
00985738
00985739
00985752
00985759
00985761
00985768
00985774
00985775
00985781
00985783
00985789
00985790
00985792
00985799
00985800
00985801
00985802
00985803
00985806
00985807
00985809
00985810
00985811
00985813
00985819
00985820
00985824
00985829
00985832
00985870
00985871
00985877
00985880
00985881
00985998
00986005
00986013
00986014
00986022
00986023
00986033
00986036
00986047
00986061
00986086
00986088
00986090
00986095
00986105
00986112
00986133
00986134
00986139
00986142
00986150
00986152
00986154
00986171
00986178
00986180
00986181
00986183
00986184
00986185
00986187
00986191
00986193
00986195
00986198
00986200
00986203
00986207
00986208
00986211
00986214
00986226
00986229
00986232
00986234
00986243
00986248
00986249
00986255
00986264
00986266
00986272
00986273
00986274
00986296
00986297
00986299
00986300
00986302
00986308
00986309
00986313
00986314
00986316
00986323
00986324
00986325
00986327
00986331
00986332
00986334
00986356
00986357
00986366
00986367
00986375
00986377
00986379
00986440
00986496
00986499
00986500
00986504
00986518
00986534
00986540
00986550
00986556
00986558
00986575
00986579
00986580
00986584
00986592
00986595
00986597
00986598
00986625
00986640
00986641
00986646
00986670
00986681
00986686
00986694
00986695
00986741
00986748
00986749
00986751
00986761
00986766
00986768
00986773
00986781
00986787
00986797
00986798
00986813
00986816
00986832
00986836
00986841
00986842
00986843
00986844
00986846
00986847
00986871
00986877
00986892
00986914
00986918
00986919
00986925
00986944
00986945
00987007
00987118
00987120
00987126
00987127
00987130
00987134
00987136
00987137
00987143
00987149
00987156
00987157
00987163
00987165
00987168
00987175
00987183
00987185
00987222
00987223
00987245
00987247
00987248
00987249
00987250
00987290
00987291
00987293
00987300
00987309
00987310
00987414
00987415
00987421
00987427
00987435
00987436
00987439
00987452
00987456
00987479
00987480
00987530
00987538
00987557
00987558
00987567
00987588
00987595
00987596
00987597
00987611
00987612
00987613
00987618
00987622
00987632
00987634
00987635
00987636
00987638
00987639
00987641
00987642
00987662
00987664
00987668
00987670
00987689
00987706
00987726
00987731
00987737
00987740
00987741
00987743
00987746
00987747
00987750
00987760
00987765
00987778
00987779
00987781
00987783
00987786
00987789
00987792
00987798
00987800
00987821
00987841
00987848
00987872
00987887
00987893
00987894
00987900
00987901
00987906
00987907
00987919
00987922
00987932
00987933
00987934
00987936
00987938
00987942
00987943
00987947
00987952
00987954
00987955
00987957
00987960
00987969
00987972
00987974
00987975
00987978
00987989
00987992
00987993
00988004
00988005
00988032
00988033
00988034
00988045
00988074
00988075
00988079
00988080
00988081
00988092
00988096
00988098
00988100
00988109
00988111
00988114
00988115
00988119
00988122
00988131
00988133
00988141
00988142
00988145
00988146
00988147
00988174
00988176
00988181
00988182
00988183
00988185
00988187
00988188
00988200
00988208
00988229
00988230
00988231
00988236
00988237
00988246
00988247
00988248
00988249
00988250
00988283
00988287
00988295
00988303
00988315
00988350
00988361
00988362
00988363
00988366
00988368
00988376
00988389
00988393
00988394
00988395
00988422
00988426
00988427
00988428
00988447
00988450
00988451
00988452
00988485
00988488
00988493
00988500
00988511
00988540
00988542
00988544
00988546
00988547
00988548
00988550
00988551
00988555
00988559
00988566
00988572
00988578
00988594
00988602
00988611
00988616
00988617
00988628
00988632
00988653
00988692
00988694
00988707
00988717
00988722
00988723
00988745
00988754
00988757
00988769
00988773
00988777
00988781
00988791
00988830
00988831
00988836
00988838
00988842
00988863
00988864
00988998
00989002
00989014
00989028
00989039
00989047
00989091
00989098
00989107
00989111
00989115
00989134
00989135
00989151
00989160
00989161
00989172
00989178
00989180
00989188
00989196
00989200
00989205
00989249
00989264
00989265
00989272
00989276
00989282
00989286
00989297
00989300
00989306
00989324
00989334
00989340
00989352
00989355
00989366
00989368
00989390
00989391
00989396
00989411
00989439
00989447
00989449
00989451
00989465
00989468
00989485
00989491
00989493
00989504
00989511
00989512
00989513
00989525
00989526
00989529
00989530
00989551
00989563
00989568
00989572
00989573
00989574
00989576
00989577
00989578
00989582
00989583
00989585
00989586
00989608
00989641
00989642
00989650
00989662
00989671
00989686
00989688
00989692
00989696
00989698
00989702
00989709
00989710
00989728
00989742
00989751
00989754
00989755
00989763
00989768
00989770
00989775
00989776
00989779
00989798
00989799
00989800
00989803
00989814
00989820
00989831
00989837
00989840
00989865
00989873
00989876
00989886
00989889
00989917
00989922
00989943
00989946
00989952
00989986
